[[1.0, 1.0, 0.0, 0.7312465189853996, 0.6622963980367387, 0.5976977848657646, 0.6524167779612935, 0.0, 0.0, 0.6326552299986102, 0.6951504530126171, 0.6727208344045825, 0.6951504530126171, 0.5378565184102464, 0.6764113052273035, 0.5470760151557381, 0.6742751355532006, 0.6122781287544923, 0.6951504530126171, 0.6951504530126171, 0.680197373940594, 0.6127557088906814, 0.6122781287544923, 0.8474991077516435, 0.723342604114609, 0.0, 0.6498217521167711, 0.6928110566610133, 0.6922501690651339, 0.6122781287544923, 0.7322114185249851, 0.0, 0.5988806862738052, 0.6514270416797496, 0.6530323312427282, 0.5988806862738052, 1.0, 0.6684122890577368, 0.6620739380421661, 0.6498217521167711, 0.6530323312427282, 0.6498217521167711, 0.6055794075141487, 0.7440165144645988, 0.5828330742148646, 0.9313237955777345, 0.6653982004403654, 0.48187390155698395, 0.7064191448411177, 0.692543504484705, 0.6326552299986102, 0.0, 0.7331635400546728, 0.736272142351909, 0.71241909782007, 0.6951504530126171, 0.736272142351909, 0.776954564673669, 0.680197373940594, 0.6627441914446954, 0.48187390155698395, 0.6611389018817169, 0.6724560516466627, 0.6435080505242377], [1.0, 1.0, 0.0, 0.7312465189853996, 0.6622963980367387, 0.5976977848657646, 0.6524167779612935, 0.0, 0.0, 0.6326552299986102, 0.6951504530126171, 0.6727208344045825, 0.6951504530126171, 0.5378565184102464, 0.6764113052273035, 0.5470760151557381, 0.6742751355532006, 0.6122781287544923, 0.6951504530126171, 0.6951504530126171, 0.680197373940594, 0.6127557088906814, 0.6122781287544923, 0.8474991077516435, 0.723342604114609, 0.0, 0.6498217521167711, 0.6928110566610133, 0.6922501690651339, 0.6122781287544923, 0.7322114185249851, 0.0, 0.5988806862738052, 0.6514270416797496, 0.6530323312427282, 0.5988806862738052, 1.0, 0.6684122890577368, 0.6620739380421661, 0.6498217521167711, 0.6530323312427282, 0.6498217521167711, 0.6055794075141487, 0.7440165144645988, 0.5828330742148646, 0.9313237955777345, 0.6653982004403654, 0.48187390155698395, 0.7064191448411177, 0.692543504484705, 0.6326552299986102, 0.0, 0.7331635400546728, 0.736272142351909, 0.71241909782007, 0.6951504530126171, 0.736272142351909, 0.776954564673669, 0.680197373940594, 0.6627441914446954, 0.48187390155698395, 0.6611389018817169, 0.6724560516466627, 0.6435080505242377], [0.0, 0.0, 1.0, 0.0, 0.0, 0.0, 0.0, 0.0, 0.0, 0.0, 0.0, 0.0, 0.0, 0.0, 0.0, 0.0, 0.0, 0.0, 0.0, 0.0, 0.0, 0.0, 0.0, 0.0, 0.0, 0.0, 0.0, 0.0, 0.0, 0.0, 0.0, 0.0, 0.0, 0.0, 0.0, 0.0, 0.0, 0.0, 0.0, 0.0, 0.0, 0.0, 0.0, 0.0, 0.0, 0.0, 0.0, 0.0, 0.0, 0.0, 0.0, 0.0, 0.0, 0.0, 0.0, 0.0, 0.0, 0.0, 0.0, 0.0, 0.0, 0.0, 0.0, 0.0], [0.7312465189853996, 0.7312465189853996, 0.0, 1.0, 0.5284197496039665, 0.42555884934263233, 0.6929204641132378, 0.0, 0.0, 0.5622706508687603, 0.9074716743367791, 0.5089339285571599, 0.9074716743367791, 0.4615353425860801, 0.4965057704676603, 0.3729552143868773, 0.5549997094932249, 0.4261681825974011, 0.9074716743367791, 0.9074716743367791, 0.641779843817033, 0.5800504045702237, 0.4261681825974011, 0.6312126494135004, 0.5615375635129148, 0.0, 0.7451215354055329, 0.7700156731936298, 0.7183996068706358, 0.4261681825974011, 0.6158096613511268, 0.0, 0.521855329414331, 0.7217473272728261, 0.6983731191401192, 0.521855329414331, 0.7312465189853996, 0.5850112867143902, 0.6153406279149931, 0.7451215354055329, 0.6983731191401192, 0.7451215354055329, 0.4740117560058661, 0.5355140874033333, 0.3956958502325074, 0.7228876823158603, 0.5082934120706344, 0.3197422461763536, 0.6735508154371668, 0.5840950256991759, 0.5622706508687603, 0.0, 0.5916996745169186, 0.6838312363890486, 0.6027873498786029, 0.9074716743367791, 0.6838312363890486, 0.658343040359437, 0.641779843817033, 0.5954166468952549, 0.3197422461763536, 0.6187908550279617, 0.4924601746503905, 0.5950320029120137], [0.6622963980367387, 0.6622963980367387, 0.0, 0.5284197496039665, 1.0, 0.4614341570150571, 0.535138415034013, 0.0, 0.0, 0.501844479548119, 0.5095905716165647, 0.5432179202153717, 0.5095905716165647, 0.4662548503468744, 0.5498696256270263, 0.5108897925471743, 0.6126323784615073, 0.5802064308778493, 0.5095905716165647, 0.5095905716165647, 0.5320088040157693, 0.5324656810966502, 0.5802064308778493, 0.6311762634579426, 0.49376228468325456, 0.0, 0.5156182426076248, 0.4992258994000177, 0.46905025175536774, 0.5802064308778493, 0.5582504319222801, 0.0, 0.5929908309703475, 0.46955038541300675, 0.4234825282183886, 0.5929908309703475, 0.6622963980367388, 0.49332778233436214, 0.5063841528141892, 0.5156182426076248, 0.4234825282183886, 0.5156182426076248, 0.5865986309240985, 0.6454254434770008, 0.5023730953334173, 0.6710623366706023, 0.545819675744766, 0.4415731542164991, 0.5556353260685614, 0.5747389075116538, 0.501844479548119, 0.0, 0.5062294095528941, 0.6450583260451652, 0.5367305769057846, 0.5095905716165647, 0.6450583260451652, 0.6626866844353162, 0.5320088040157693, 0.5187527690586431, 0.4415731542164991, 0.5648206262532611, 0.6140230098988976, 0.5141007610196566], [0.5976977848657646, 0.5976977848657646, 0.0, 0.42555884934263233, 0.4614341570150571, 1.0, 0.527503040064699, 0.0, 0.0, 0.43217101245496325, 0.4299453799713948, 0.48529720586617475, 0.4299453799713948, 0.5572407632492544, 0.44143175506026, 0.6402863370617607, 0.6424876559422577, 0.6806622662406605, 0.4299453799713948, 0.4299453799713948, 0.46684659723458144, 0.5663667321164947, 0.6806622662406605, 0.5434035560929109, 0.444921276687275, 0.0, 0.47190147398204163, 0.4711755504904297, 0.39438495405579366, 0.6806622662406605, 0.49794312291444465, 0.0, 0.5649717271213789, 0.32779061632565376, 0.183679758669266, 0.5649717271213789, 0.5976977848657646, 0.26869030605884836, 0.40654391109591426, 0.47190147398204163, 0.183679758669266, 0.47190147398204163, 0.6228169966810196, 0.6983970946657541, 0.47680563066564585, 0.6294873438334077, 0.5061943294842235, 0.599910407882861, 0.45538222170586184, 0.5079998073654088, 0.43217101245496325, 0.0, 0.289932145491689, 0.6043130456438548, 0.43723272293233373, 0.4299453799713948, 0.6043130456438548, 0.6546093689639154, 0.46684659723458155, 0.42915634330302277, 0.599910407882861, 0.5732672009594106, 0.6746329279367796, 0.41863765919842066], [0.6524167779612935, 0.6524167779612935, 0.0, 0.6929204641132378, 0.535138415034013, 0.527503040064699, 1.0, 0.0, 0.0, 0.5200726427343911, 0.7522507520118523, 0.5669968397442795, 0.7522507520118523, 0.5597495613607447, 0.5041542740400591, 0.5550810828933235, 0.6825590401356953, 0.6626335239373209, 0.7522507520118523, 0.7522507520118523, 0.6287481438334704, 0.6467182834501524, 0.6626335239373209, 0.5934112626073376, 0.539418796915655, 0.0, 0.7841914003835826, 0.7144096192433593, 0.66197733029339, 0.6626335239373209, 0.5751492847358162, 0.0, 0.624387291431787, 0.5808515809575219, 0.3775117615314615, 0.624387291431787, 0.6524167779612935, 0.3779904520815398, 0.5739242103509006, 0.7841914003835826, 0.3775117615314615, 0.7841914003835826, 0.6435104076845539, 0.6802918225722097, 0.41299889224047204, 0.6853025687386662, 0.5367779574478259, 0.44752864184932584, 0.65267870408963, 0.6143174551958035, 0.5200726427343911, 0.0, 0.4713601555512378, 0.7024845563340698, 0.5359344118414404, 0.7522507520118523, 0.7024845563340698, 0.7100794276816464, 0.6287481438334703, 0.5206573998951889, 0.44752864184932584, 0.7239972193212496, 0.6638030382589166, 0.5108292226898428], [0.0, 0.0, 0.0, 0.0, 0.0, 0.0, 0.0, 1.0, 0.0, 0.0, 0.0, 0.0, 0.0, 0.0, 0.0, 0.0, 0.0, 0.0, 0.0, 0.0, 0.0, 0.0, 0.0, 0.0, 0.0, 0.0, 0.0, 0.0, 0.0, 0.0, 0.0, 0.0, 0.0, 0.0, 0.0, 0.0, 0.0, 0.0, 0.0, 0.0, 0.0, 0.0, 0.0, 0.0, 0.0, 0.0, 0.0, 0.0, 0.0, 0.0, 0.0, 0.0, 0.0, 0.0, 0.0, 0.0, 0.0, 0.0, 0.0, 0.0, 0.0, 0.0, 0.0, 0.0], [0.0, 0.0, 0.0, 0.0, 0.0, 0.0, 0.0, 0.0, 1.0, 0.0, 0.0, 0.0, 0.0, 0.0, 0.0, 0.0, 0.0, 0.0, 0.0, 0.0, 0.0, 0.0, 0.0, 0.0, 0.0, 0.0, 0.0, 0.0, 0.0, 0.0, 0.0, 0.0, 0.0, 0.0, 0.0, 0.0, 0.0, 0.0, 0.0, 0.0, 0.0, 0.0, 0.0, 0.0, 0.0, 0.0, 0.0, 0.0, 0.0, 0.0, 0.0, 0.0, 0.0, 0.0, 0.0, 0.0, 0.0, 0.0, 0.0, 0.0, 0.0, 0.0, 0.0, 0.0], [0.6326552299986102, 0.6326552299986102, 0.0, 0.5622706508687603, 0.501844479548119, 0.43217101245496325, 0.5200726427343911, 0.0, 0.0, 1.0, 0.5413365446096026, 0.4907221081473129, 0.5413365446096026, 0.40452607531104146, 0.5076034600940118, 0.4236742672022543, 0.5391301609330902, 0.5000000754898213, 0.5413365446096026, 0.5413365446096026, 0.5075935869680761, 0.4868827983711743, 0.5000000754898213, 0.6138628098476125, 0.4992188534000218, 0.0, 0.5188813081037498, 0.5391487327718889, 0.5159915045679839, 0.5000000754898213, 0.5447110252206173, 0.0, 0.4850716142249558, 0.5094406917967855, 0.5000000754898213, 0.4850716142249558, 0.6326552299986102, 0.5206831197386155, 0.5000813999720493, 0.5188813081037498, 0.5000000754898213, 0.5188813081037498, 0.49253584485738855, 0.5930719932678336, 0.4443573114510484, 0.634132924682209, 0.5144771147358682, 0.34734845891468735, 0.5261952317616378, 0.5511064884529977, 0.5000000754898213, 0.0, 0.48144414080480447, 0.5782602463763592, 0.5491078466598722, 0.5413365446096026, 0.5782602463763592, 0.6014856841585076, 0.5075935869680761, 0.5234284403647831, 0.34734845891468735, 0.5328690566717473, 0.5468568052397449, 0.5043155952760653], [0.6951504530126171, 0.6951504530126171, 0.0, 0.9074716743367791, 0.5095905716165647, 0.4299453799713948, 0.7522507520118523, 0.0, 0.0, 0.5413365446096026, 1.0, 0.5146010781049516, 1.0, 0.46418390480807525, 0.45773298423078945, 0.36847934960845674, 0.5658612730751761, 0.4460393133483861, 1.0, 1.0, 0.6764007187366343, 0.6142912484663234, 0.4460393133483861, 0.5856224469470496, 0.5760671084678899, 0.0, 0.8107129426871708, 0.835746440001174, 0.7540482726352136, 0.4460393133483861, 0.594315907060206, 0.0, 0.5414475701233383, 0.723673359278995, 0.6366337758708192, 0.5414475701233383, 0.6951504530126171, 0.4903152861766422, 0.6191372186919732, 0.8107129426871708, 0.6366337758708192, 0.8107129426871708, 0.49374344173586215, 0.552682354349368, 0.3174580911754963, 0.7002746319614129, 0.48480524689335536, 0.2909193858685274, 0.693186339450218, 0.569130697839668, 0.5413365446096026, 0.0, 0.583162842861517, 0.6856832328019662, 0.5551517933429835, 1.0, 0.6856832328019662, 0.6670295412988243, 0.6764007187366343, 0.5721820118199633, 0.2909193858685274, 0.6592215952281391, 0.5077302477691075, 0.5715091266256598], [0.6727208344045825, 0.6727208344045825, 0.0, 0.5089339285571599, 0.5432179202153717, 0.48529720586617475, 0.5669968397442795, 0.0, 0.0, 0.4907221081473129, 0.5146010781049516, 1.0, 0.5146010781049516, 0.40040901738127843, 0.6010174149709775, 0.5136038828640567, 0.6147216419616702, 0.679859306813426, 0.5146010781049516, 0.5146010781049516, 0.6247732305772677, 0.5262489240149817, 0.679859306813426, 0.5905151710156943, 0.6515526298155441, 0.0, 0.5065301343144608, 0.5750481978496328, 0.5440965957337327, 0.679859306813426, 0.5410806386903115, 0.0, 0.44423231841663746, 0.4040575218978303, 0.30158490948119987, 0.44423231841663746, 0.6727208344045826, 0.37245927038364024, 0.5419584143556282, 0.5065301343144608, 0.30158490948119987, 0.5065301343144608, 0.5620458126150317, 0.6583498798823462, 0.39534104510038404, 0.6417976997763087, 0.5036039675067936, 0.34734845891468735, 0.5786578060792671, 0.5360712151609628, 0.4907221081473129, 0.0, 0.679859306813426, 0.5495839771099147, 0.5251917848466809, 0.5146010781049516, 0.5495839771099147, 0.6171866255568115, 0.6247732305772677, 0.46274357146269773, 0.34734845891468735, 0.5652161838793281, 0.6239022334441955, 0.4309547077892715], [0.6951504530126171, 0.6951504530126171, 0.0, 0.9074716743367791, 0.5095905716165647, 0.4299453799713948, 0.7522507520118523, 0.0, 0.0, 0.5413365446096026, 1.0, 0.5146010781049516, 1.0, 0.46418390480807525, 0.45773298423078945, 0.36847934960845674, 0.5658612730751761, 0.4460393133483861, 1.0, 1.0, 0.6764007187366343, 0.6142912484663234, 0.4460393133483861, 0.5856224469470496, 0.5760671084678899, 0.0, 0.8107129426871708, 0.835746440001174, 0.7540482726352136, 0.4460393133483861, 0.594315907060206, 0.0, 0.5414475701233383, 0.723673359278995, 0.6366337758708192, 0.5414475701233383, 0.6951504530126171, 0.4903152861766422, 0.6191372186919732, 0.8107129426871708, 0.6366337758708192, 0.8107129426871708, 0.49374344173586215, 0.552682354349368, 0.3174580911754963, 0.7002746319614129, 0.48480524689335536, 0.2909193858685274, 0.693186339450218, 0.569130697839668, 0.5413365446096026, 0.0, 0.583162842861517, 0.6856832328019662, 0.5551517933429835, 1.0, 0.6856832328019662, 0.6670295412988243, 0.6764007187366343, 0.5721820118199633, 0.2909193858685274, 0.6592215952281391, 0.5077302477691075, 0.5715091266256598], [0.5378565184102464, 0.5378565184102464, 0.0, 0.4615353425860801, 0.4662548503468744, 0.5572407632492544, 0.5597495613607447, 0.0, 0.0, 0.40452607531104146, 0.46418390480807525, 0.40040901738127843, 0.46418390480807525, 1.0, 0.4225983666614097, 0.7147041193287336, 0.6563411713470502, 0.6437516980407754, 0.4641839048080749, 0.4641839048080749, 0.42166731319021056, 0.6195647074801622, 0.6437516980407754, 0.5712038075377859, 0.2429456613017994, 0.0, 0.5713130812333833, 0.4109011215407161, 0.3899694748148229, 0.6437516980407754, 0.47065495360109555, 0.0, 0.692473947993524, 0.36830676690734554, 0.16530045258130743, 0.692473947993524, 0.5378565184102464, 0.31613875890149, 0.38435789214431193, 0.5713130812333833, 0.16530045258130743, 0.5713130812333833, 0.6681128230171497, 0.6568792237768024, 0.6263168029191819, 0.6029127101812037, 0.4960919996990045, 0.7856565406166918, 0.4657700208694965, 0.5650564567439527, 0.40452607531104146, 0.0, 0.1570663367217815, 0.668930644653325, 0.4690142101714294, 0.4641839048080749, 0.668930644653325, 0.6464853790656762, 0.42166731319021056, 0.423119442209993, 0.7856565406166918, 0.626125756536031, 0.6809384318386784, 0.4370347434565408], [0.6764113052273035, 0.6764113052273035, 0.0, 0.4965057704676603, 0.5498696256270263, 0.44143175506026, 0.5041542740400591, 0.0, 0.0, 0.5076034600940118, 0.45773298423078945, 0.6010174149709775, 0.45773298423078945, 0.4225983666614097, 1.0, 0.5215029163242757, 0.596433986796636, 0.624315467734087, 0.45773298423078945, 0.45773298423078945, 0.5532559380575814, 0.509043076864173, 0.624315467734087, 0.6557657526659524, 0.520946253706962, 0.0, 0.4304143701553008, 0.45118759957759724, 0.4346477249857904, 0.624315467734087, 0.5604339067360201, 0.0, 0.4664294658845066, 0.4106529113046188, 0.39089145245393675, 0.4664294658845066, 0.6764113052273035, 0.5098902699889953, 0.505835163137798, 0.4304143701553008, 0.39089145245393675, 0.4304143701553008, 0.5453724668092967, 0.6437330392474161, 0.523789726219259, 0.6660948000200368, 0.5198305662048721, 0.4186903649144642, 0.5255620794074514, 0.5676788323089237, 0.5076034600940118, 0.0, 0.5777193622078682, 0.5685525058591849, 0.5669935994877482, 0.45773298423078945, 0.5685525058591849, 0.6093364970618198, 0.5532559380575814, 0.5008486188202235, 0.4186903649144642, 0.5206100776709055, 0.6108057851865101, 0.4780748507460624], [0.5470760151557381, 0.5470760151557381, 0.0, 0.3729552143868773, 0.5108897925471743, 0.6402863370617607, 0.5550810828933235, 0.0, 0.0, 0.4236742672022543, 0.36847934960845674, 0.5136038828640567, 0.36847934960845674, 0.7147041193287336, 0.5215029163242757, 1.0, 0.7501004328944041, 0.8473484589146874, 0.3684793496084565, 0.3684793496084565, 0.4652290384455233, 0.6684757889551503, 0.8473484589146874, 0.6095515395380495, 0.30654176101113007, 0.0, 0.449415440156826, 0.3766313369822777, 0.3233563047040767, 0.8473484589146874, 0.4871108813417623, 0.0, 0.6883686679937813, 0.22470775782332364, 7.54898212829147e-08, 0.6883686679937813, 0.5470760151557381, 0.2686505293672674, 0.3691558203436902, 0.449415440156826, 7.54898212829147e-08, 0.449415440156826, 0.7678585634542343, 0.7647077053814737, 0.6923247210797003, 0.6139841096207783, 0.5529646221491096, 0.8473484589146874, 0.42737571794812423, 0.5838080429276711, 0.4236742672022543, 0.0, 0.179859306813426, 0.6528524068741207, 0.49410231337002697, 0.3684793496084565, 0.6528524068741207, 0.6732323667228026, 0.4652290384455233, 0.4038259847973724, 0.8473484589146874, 0.6285336671308748, 0.8076518941049236, 0.3979724894530676], [0.6742751355532006, 0.6742751355532006, 0.0, 0.5549997094932249, 0.6126323784615073, 0.6424876559422577, 0.6825590401356953, 0.0, 0.0, 0.5391301609330902, 0.5658612730751761, 0.6147216419616702, 0.5658612730751761, 0.6563411713470502, 0.596433986796636, 0.7501004328944041, 1.0, 0.8377313549561252, 0.5658612730751762, 0.5658612730751762, 0.5984348523328389, 0.703473781306911, 0.8377313549561252, 0.6906968007007211, 0.5071088650095239, 0.0, 0.6440844923757847, 0.5929893911027655, 0.5328920940613961, 0.8377313549561252, 0.6032107997882552, 0.0, 0.7436787592090162, 0.44230672964291995, 0.2405289669100552, 0.7436787592090162, 0.6742751355532006, 0.4001938216883112, 0.5285141858022951, 0.6440844923757847, 0.2405289669100552, 0.6440844923757847, 0.7907050570825707, 0.8155673125572165, 0.611164093649625, 0.7313720774985852, 0.6420144122424718, 0.6624695108326828, 0.6245092587663752, 0.6731701604665228, 0.5391301609330902, 0.0, 0.3917119289672154, 0.8377313549561252, 0.5898400271011712, 0.5658612730751762, 0.8377313549561252, 0.8138195267966797, 0.5984348523328389, 0.5351791500322756, 0.6624695108326828, 0.7369569127651403, 0.8298293331544957, 0.527779132218264], [0.6122781287544923, 0.6122781287544923, 0.0, 0.4261681825974011, 0.5802064308778493, 0.6806622662406605, 0.6626335239373209, 0.0, 0.0, 0.5000000754898213, 0.4460393133483861, 0.679859306813426, 0.4460393133483861, 0.6437516980407754, 0.624315467734087, 0.8473484589146874, 0.8377313549561252, 1.0, 0.4460393133483861, 0.4460393133483861, 0.6019193089917461, 0.713690878421416, 1.0, 0.6397353588046013, 0.513173114139399, 0.0, 0.5418612584635769, 0.5271014670119554, 0.45180017087226465, 1.0, 0.5558702039036685, 0.0, 0.6692557107221919, 0.27093070472160974, 1.509796425658294e-07, 0.6692557107221919, 0.6122781287544923, 0.25661397027752575, 0.4753950057675178, 0.5418612584635769, 1.509796425658294e-07, 0.5418612584635769, 0.834627855361096, 0.8587954211875827, 0.6039623537023918, 0.6676104607313627, 0.616370371649849, 0.6946969178293747, 0.5256808606675598, 0.6379614897421895, 0.5000000754898213, 0.0, 0.35971861362685187, 0.6754627099122504, 0.5406726883823858, 0.4460393133483861, 0.6754627099122504, 0.7388940238134324, 0.6019193089917461, 0.4452452668083715, 0.6946969178293747, 0.7161758205503387, 0.8904903826371005, 0.41392142296217227], [0.6951504530126171, 0.6951504530126171, 0.0, 0.9074716743367791, 0.5095905716165647, 0.4299453799713948, 0.7522507520118523, 0.0, 0.0, 0.5413365446096026, 1.0, 0.5146010781049516, 1.0, 0.4641839048080749, 0.45773298423078945, 0.3684793496084565, 0.5658612730751762, 0.4460393133483861, 1.0, 1.0, 0.6764007187366343, 0.6142912484663234, 0.4460393133483861, 0.5856224469470496, 0.5760671084678899, 0.0, 0.8107129426871708, 0.835746440001174, 0.7540482726352136, 0.4460393133483861, 0.594315907060206, 0.0, 0.5414475701233383, 0.723673359278995, 0.6366337758708192, 0.5414475701233383, 0.6951504530126171, 0.4903152861766422, 0.6191372186919732, 0.8107129426871708, 0.6366337758708192, 0.8107129426871708, 0.49374344173586215, 0.552682354349368, 0.3174580911754963, 0.7002746319614129, 0.48480524689335536, 0.2909193858685274, 0.693186339450218, 0.569130697839668, 0.5413365446096026, 0.0, 0.583162842861517, 0.6856832328019662, 0.5551517933429835, 1.0, 0.6856832328019662, 0.6670295412988243, 0.6764007187366343, 0.5721820118199633, 0.2909193858685274, 0.6592215952281391, 0.5077302477691075, 0.5715091266256598], [0.6951504530126171, 0.6951504530126171, 0.0, 0.9074716743367791, 0.5095905716165647, 0.4299453799713948, 0.7522507520118523, 0.0, 0.0, 0.5413365446096026, 1.0, 0.5146010781049516, 1.0, 0.4641839048080749, 0.45773298423078945, 0.3684793496084565, 0.5658612730751762, 0.4460393133483861, 1.0, 1.0, 0.6764007187366343, 0.6142912484663234, 0.4460393133483861, 0.5856224469470496, 0.5760671084678899, 0.0, 0.8107129426871708, 0.835746440001174, 0.7540482726352136, 0.4460393133483861, 0.594315907060206, 0.0, 0.5414475701233383, 0.723673359278995, 0.6366337758708192, 0.5414475701233383, 0.6951504530126171, 0.4903152861766422, 0.6191372186919732, 0.8107129426871708, 0.6366337758708192, 0.8107129426871708, 0.49374344173586215, 0.552682354349368, 0.3174580911754963, 0.7002746319614129, 0.48480524689335536, 0.2909193858685274, 0.693186339450218, 0.569130697839668, 0.5413365446096026, 0.0, 0.583162842861517, 0.6856832328019662, 0.5551517933429835, 1.0, 0.6856832328019662, 0.6670295412988243, 0.6764007187366343, 0.5721820118199633, 0.2909193858685274, 0.6592215952281391, 0.5077302477691075, 0.5715091266256598], [0.680197373940594, 0.680197373940594, 0.0, 0.641779843817033, 0.5320088040157693, 0.46684659723458144, 0.6287481438334704, 0.0, 0.0, 0.5075935869680761, 0.6764007187366343, 0.6247732305772677, 0.6764007187366343, 0.42166731319021056, 0.5532559380575814, 0.4652290384455233, 0.5984348523328389, 0.6019193089917461, 0.6764007187366343, 0.6764007187366343, 1.0, 0.5555963654987623, 0.6019193089917461, 0.5888842629928126, 0.6263907893663261, 0.0, 0.6079244037720308, 0.6619476119001466, 0.6140804880342263, 0.6019193089917461, 0.5588257281469431, 0.0, 0.4766374023188712, 0.5105961343582186, 0.41326786494440626, 0.4766374023188712, 0.680197373940594, 0.4117446089813076, 0.5676846824677433, 0.6079244037720308, 0.41326786494440626, 0.6079244037720308, 0.5392783556553085, 0.6231273713713534, 0.3693800604587548, 0.6612900105046768, 0.49733772730231407, 0.3285387678993007, 0.616833983869584, 0.5470910427205311, 0.5075935869680761, 0.0, 0.6476271521627897, 0.5949503956739319, 0.5351784543454483, 0.6764007187366343, 0.5949503956739319, 0.633800930804149, 0.6419823932970568, 0.49922305158178626, 0.3285387678993007, 0.5965513209955986, 0.5851782382191661, 0.47780618073473424], [0.6127557088906814, 0.6127557088906814, 0.0, 0.5800504045702237, 0.5324656810966502, 0.5663667321164947, 0.6467182834501524, 0.0, 0.0, 0.4868827983711743, 0.6142912484663234, 0.5262489240149817, 0.6142912484663234, 0.6195647074801622, 0.509043076864173, 0.6684757889551503, 0.703473781306911, 0.713690878421416, 0.6142912484663234, 0.6142912484663234, 0.5555963654987623, 1.0, 0.713690878421416, 0.6139573806909129, 0.4241398671763259, 0.0, 0.6121727234627177, 0.5671728649028311, 0.504299123542145, 0.713690878421416, 0.5442522756609256, 0.0, 0.6788186855284988, 0.43612372089182505, 0.26007471832093254, 0.6788186855284988, 0.6127557088906814, 0.36735305044174427, 0.4811863224534032, 0.6121727234627177, 0.26007471832093254, 0.6121727234627177, 0.6962547819749574, 0.7034998016209479, 0.5489460410257203, 0.6589912302404282, 0.5543076109450532, 0.6232606994888847, 0.5480787924212236, 0.5967679692154071, 0.4868827983711742, 0.0, 0.33880696960854706, 0.6932566841924059, 0.529356773118258, 0.6142912484663237, 0.6932566841924059, 0.6936910196539892, 0.5555963654987621, 0.48801528210063727, 0.6232606994888847, 0.6640642846715299, 0.7159558458803421, 0.4872326323919972], [0.6122781287544923, 0.6122781287544923, 0.0, 0.4261681825974011, 0.5802064308778493, 0.6806622662406605, 0.6626335239373209, 0.0, 0.0, 0.5000000754898213, 0.4460393133483861, 0.679859306813426, 0.4460393133483861, 0.6437516980407754, 0.624315467734087, 0.8473484589146874, 0.8377313549561252, 1.0, 0.4460393133483861, 0.4460393133483861, 0.6019193089917461, 0.713690878421416, 1.0, 0.6397353588046013, 0.513173114139399, 0.0, 0.5418612584635769, 0.5271014670119554, 0.45180017087226465, 1.0, 0.5558702039036685, 0.0, 0.6692557107221919, 0.27093070472160974, 1.509796425658294e-07, 0.6692557107221919, 0.6122781287544923, 0.25661397027752575, 0.4753950057675178, 0.5418612584635769, 1.509796425658294e-07, 0.5418612584635769, 0.834627855361096, 0.8587954211875827, 0.6039623537023918, 0.6676104607313627, 0.616370371649849, 0.6946969178293747, 0.5256808606675598, 0.6379614897421895, 0.5000000754898213, 0.0, 0.35971861362685187, 0.6754627099122504, 0.5406726883823858, 0.4460393133483861, 0.6754627099122504, 0.7388940238134324, 0.6019193089917461, 0.4452452668083715, 0.6946969178293747, 0.7161758205503387, 0.8904903826371005, 0.41392142296217227], [0.8474991077516435, 0.8474991077516435, 0.0, 0.6312126494135004, 0.6311762634579426, 0.5434035560929109, 0.5934112626073376, 0.0, 0.0, 0.6138628098476125, 0.5856224469470496, 0.5905151710156943, 0.5856224469470496, 0.5712038075377859, 0.6557657526659524, 0.6095515395380495, 0.6906968007007211, 0.6397353588046013, 0.5856224469470496, 0.5856224469470496, 0.5888842629928126, 0.6139573806909129, 0.6397353588046013, 1.0, 0.5243671875705558, 0.0, 0.5548759820703619, 0.5362454747082119, 0.5180930539381343, 0.6397353588046013, 0.7012469951829747, 0.0, 0.6327516197170517, 0.5714331214804929, 0.5879902608906238, 0.6327516197170517, 0.8474991077516436, 0.6871285884285463, 0.5809741462480935, 0.5548759820703619, 0.5879902608906238, 0.5548759820703619, 0.6362434892608265, 0.7622096561404812, 0.6828173181189832, 0.8760153658536989, 0.642152642532615, 0.5793677202714975, 0.6126097359646634, 0.7011175180591039, 0.6138628098476125, 0.0, 0.5412949832267873, 0.7416582425968408, 0.7155733999854781, 0.5856224469470495, 0.7416582425968408, 0.7408554897882704, 0.5888842629928126, 0.6519128983975271, 0.5793677202714975, 0.6353557589873962, 0.7158355359044303, 0.6382404609177277], [0.723342604114609, 0.723342604114609, 0.0, 0.5615375635129148, 0.49376228468325456, 0.444921276687275, 0.539418796915655, 0.0, 0.0, 0.4992188534000218, 0.5760671084678899, 0.6515526298155441, 0.5760671084678899, 0.2429456613017994, 0.520946253706962, 0.30654176101113007, 0.5071088650095239, 0.513173114139399, 0.5760671084678899, 0.5760671084678899, 0.6263907893663261, 0.4241398671763259, 0.513173114139399, 0.5243671875705558, 1.0, 0.0, 0.5290161681396763, 0.6695924113577848, 0.6151252450854496, 0.513173114139399, 0.5519128802629938, 0.0, 0.3208353775442352, 0.5071403804001604, 0.4852645926606445, 0.3208353775442352, 0.7233426041146092, 0.3724990470752213, 0.5793465051078523, 0.5290161681396763, 0.4852645926606445, 0.5290161681396763, 0.41700424584181706, 0.5920392691666266, 0.17982195468632955, 0.657300933988938, 0.4568336748419074, 0.09991040788286099, 0.6066643098370048, 0.46026297959870044, 0.4992188534000218, 0.0, 0.789932145491689, 0.5010446158796487, 0.4683221944089875, 0.5760671084678899, 0.5010446158796487, 0.5985636277979244, 0.6263907893663261, 0.4880739299683481, 0.09991040788286099, 0.509949717707864, 0.4908832672760516, 0.4516198775346245], [0.0, 0.0, 0.0, 0.0, 0.0, 0.0, 0.0, 0.0, 0.0, 0.0, 0.0, 0.0, 0.0, 0.0, 0.0, 0.0, 0.0, 0.0, 0.0, 0.0, 0.0, 0.0, 0.0, 0.0, 0.0, 1.0, 0.0, 0.0, 0.0, 0.0, 0.0, 0.0, 0.0, 0.0, 0.0, 0.0, 0.0, 0.0, 0.0, 0.0, 0.0, 0.0, 0.0, 0.0, 0.0, 0.0, 0.0, 0.0, 0.0, 0.0, 0.0, 0.0, 0.0, 0.0, 0.0, 0.0, 0.0, 0.0, 0.0, 0.0, 0.0, 0.0, 0.0, 0.0], [0.6498217521167711, 0.6498217521167711, 0.0, 0.7451215354055329, 0.5156182426076248, 0.47190147398204163, 0.7841914003835826, 0.0, 0.0, 0.5188813081037498, 0.8107129426871708, 0.5065301343144608, 0.8107129426871708, 0.5713130812333833, 0.4304143701553008, 0.449415440156826, 0.6440844923757847, 0.5418612584635769, 0.8107129426871708, 0.8107129426871708, 0.6079244037720308, 0.6121727234627177, 0.5418612584635769, 0.5548759820703619, 0.5290161681396763, 0.0, 1.0, 0.7803809507169487, 0.7800835473726918, 0.5418612584635769, 0.5752617432435743, 0.0, 0.6624585934498306, 0.7479506788719613, 0.49590135774392263, 0.6624585934498306, 0.6498217521167711, 0.3870420997904517, 0.627240406593211, 1.0, 0.49590135774392263, 1.0, 0.6021599259567038, 0.6293976921796782, 0.317576231843528, 0.688022613523223, 0.5091582538002732, 0.3569696218500752, 0.7391689121511122, 0.6358601780055531, 0.5188813081037498, 0.0, 0.4711990101653444, 0.7463077262879926, 0.511978753798952, 0.8107129426871708, 0.7463077262879926, 0.7243147179326828, 0.6079244037720306, 0.5445449210572323, 0.3569696218500752, 0.796594242185271, 0.593188484370542, 0.5470571184816966], [0.6928110566610133, 0.6928110566610133, 0.0, 0.7700156731936298, 0.4992258994000177, 0.4711755504904297, 0.7144096192433593, 0.0, 0.0, 0.5391487327718889, 0.835746440001174, 0.5750481978496328, 0.835746440001174, 0.4109011215407161, 0.45118759957759724, 0.3766313369822777, 0.5929893911027655, 0.5271014670119554, 0.835746440001174, 0.835746440001174, 0.6619476119001466, 0.5671728649028311, 0.5271014670119554, 0.5362454747082119, 0.6695924113577848, 0.0, 0.7803809507169487, 1.0, 0.7596059714878972, 0.5271014670119554, 0.5976148645078379, 0.0, 0.4972580772584566, 0.6657884746243854, 0.5511959985318224, 0.4972580772584566, 0.6928110566610132, 0.37733120078267424, 0.6204183362370091, 0.7803809507169484, 0.5511959985318224, 0.7803809507169484, 0.512179772135206, 0.6257169449396693, 0.21481380499306302, 0.7145471279797357, 0.47230479144008075, 0.22616120695259978, 0.6874177315326113, 0.5365214328967147, 0.5391487327718889, 0.0, 0.6229949286873102, 0.6588773151935754, 0.4463921585758913, 0.835746440001174, 0.6588773151935754, 0.7077317923971966, 0.6619476119001466, 0.5540698362086608, 0.22616120695259978, 0.6686623123012237, 0.5569436738854991, 0.5380772773303774], [0.6922501690651339, 0.6922501690651339, 0.0, 0.7183996068706358, 0.46905025175536774, 0.39438495405579366, 0.66197733029339, 0.0, 0.0, 0.5159915045679839, 0.7540482726352136, 0.5440965957337327, 0.7540482726352136, 0.3899694748148229, 0.4346477249857904, 0.3233563047040767, 0.5328920940613961, 0.45180017087226465, 0.7540482726352136, 0.7540482726352136, 0.6140804880342263, 0.504299123542145, 0.45180017087226465, 0.5180930539381343, 0.6151252450854496, 0.0, 0.7800835473726918, 0.7596059714878972, 1.0, 0.45180017087226465, 0.5678033179550486, 0.0, 0.4664413588937848, 0.6801331928181975, 0.5801828382637031, 0.4664413588937848, 0.6922501690651339, 0.3979664108768045, 0.6121148942759651, 0.7800835473726919, 0.5801828382637031, 0.7800835473726919, 0.45912076488302467, 0.5468849763661814, 0.20533121101289742, 0.671426944729178, 0.42534960398646315, 0.1949124385358887, 0.6768201950728068, 0.5142395024095932, 0.5159915045679839, 0.0, 0.6363930205952005, 0.6139840172505278, 0.4746466187960706, 0.7540482726352136, 0.6139840172505278, 0.6321983767956169, 0.6140804880342263, 0.5321855446481843, 0.1949124385358887, 0.6321358992026788, 0.4841882510326656, 0.5202457824374875], [0.6122781287544923, 0.6122781287544923, 0.0, 0.4261681825974011, 0.5802064308778493, 0.6806622662406605, 0.6626335239373209, 0.0, 0.0, 0.5000000754898213, 0.4460393133483861, 0.679859306813426, 0.4460393133483861, 0.6437516980407754, 0.624315467734087, 0.8473484589146874, 0.8377313549561252, 1.0, 0.4460393133483861, 0.4460393133483861, 0.6019193089917461, 0.713690878421416, 1.0, 0.6397353588046013, 0.513173114139399, 0.0, 0.5418612584635769, 0.5271014670119554, 0.45180017087226465, 1.0, 0.5558702039036685, 0.0, 0.6692557107221919, 0.27093070472160974, 1.509796425658294e-07, 0.6692557107221919, 0.6122781287544923, 0.25661397027752575, 0.4753950057675178, 0.5418612584635769, 1.509796425658294e-07, 0.5418612584635769, 0.834627855361096, 0.8587954211875827, 0.6039623537023918, 0.6676104607313627, 0.616370371649849, 0.6946969178293747, 0.5256808606675598, 0.6379614897421895, 0.5000000754898213, 0.0, 0.35971861362685187, 0.6754627099122504, 0.5406726883823858, 0.4460393133483861, 0.6754627099122504, 0.7388940238134324, 0.6019193089917461, 0.4452452668083715, 0.6946969178293747, 0.7161758205503387, 0.8904903826371005, 0.41392142296217227], [0.7322114185249851, 0.7322114185249851, 0.0, 0.6158096613511268, 0.5582504319222801, 0.49794312291444465, 0.5751492847358162, 0.0, 0.0, 0.5447110252206173, 0.594315907060206, 0.5410806386903115, 0.594315907060206, 0.47065495360109555, 0.5604339067360201, 0.4871108813417623, 0.6032107997882552, 0.5558702039036685, 0.594315907060206, 0.594315907060206, 0.5588257281469431, 0.5442522756609256, 0.5558702039036685, 0.7012469951829747, 0.5519128802629938, 0.0, 0.5752617432435743, 0.5976148645078379, 0.5678033179550486, 0.5558702039036685, 1.0, 0.0, 0.543710236521598, 0.5544067948905702, 0.5335518465375659, 0.543710236521598, 0.7322114185249851, 0.5663461446825018, 0.5477437167904409, 0.5752617432435743, 0.5335518465375659, 0.5752617432435743, 0.5497902202126332, 0.663117655023677, 0.5087460008036468, 0.7560886164548061, 0.5734617887993563, 0.4183515587798562, 0.584034737464457, 0.6125066136982296, 0.5447110252206173, 0.0, 0.5262910734769546, 0.6505513956728421, 0.608817167521996, 0.594315907060206, 0.6505513956728421, 0.6816878694911898, 0.5588257281469431, 0.5719815917862756, 0.4183515587798562, 0.5928365401392799, 0.6104113370349853, 0.5537417542602356], [0.0, 0.0, 0.0, 0.0, 0.0, 0.0, 0.0, 0.0, 0.0, 0.0, 0.0, 0.0, 0.0, 0.0, 0.0, 0.0, 0.0, 0.0, 0.0, 0.0, 0.0, 0.0, 0.0, 0.0, 0.0, 0.0, 0.0, 0.0, 0.0, 0.0, 0.0, 1.0, 0.0, 0.0, 0.0, 0.0, 0.0, 0.0, 0.0, 0.0, 0.0, 0.0, 0.0, 0.0, 0.0, 0.0, 0.0, 0.0, 0.0, 0.0, 0.0, 0.0, 0.0, 0.0, 0.0, 0.0, 0.0, 0.0, 0.0, 0.0, 0.0, 0.0, 0.0, 0.0], [0.5988806862738052, 0.5988806862738052, 0.0, 0.521855329414331, 0.5929908309703475, 0.5649717271213789, 0.624387291431787, 0.0, 0.0, 0.4850716142249558, 0.5414475701233383, 0.44423231841663746, 0.5414475701233383, 0.692473947993524, 0.4664294658845066, 0.6883686679937813, 0.7436787592090162, 0.6692557107221919, 0.5414475701233383, 0.5414475701233383, 0.4766374023188712, 0.6788186855284988, 0.6692557107221919, 0.6327516197170517, 0.3208353775442352, 0.0, 0.6624585934498306, 0.4972580772584566, 0.4664413588937848, 0.6692557107221919, 0.543710236521598, 0.0, 1.0, 0.4816730555887754, 0.3008875177277198, 1.0, 0.5988806862738052, 0.40585563927398216, 0.4629526870027064, 0.6624585934498308, 0.3008875177277198, 0.6624585934498308, 0.834627855361096, 0.7103472718733761, 0.6091526930428075, 0.660987481114882, 0.6444285299325441, 0.7074816252653706, 0.5665897757522516, 0.6278765420478172, 0.4850716142249558, 0.0, 0.21920892611108334, 0.8181018076958404, 0.5242562143653506, 0.5414475701233386, 0.8181018076958404, 0.747172930069512, 0.4766374023188712, 0.5201125149757946, 0.7074816252653706, 0.7008980528368501, 0.7393375122238695, 0.5500442459440339], [0.6514270416797496, 0.6514270416797496, 0.0, 0.7217473272728261, 0.46955038541300675, 0.32779061632565376, 0.5808515809575219, 0.0, 0.0, 0.5094406917967855, 0.723673359278995, 0.4040575218978303, 0.723673359278995, 0.36830676690734554, 0.4106529113046188, 0.22470775782332364, 0.44230672964291995, 0.27093070472160974, 0.723673359278995, 0.723673359278995, 0.5105961343582186, 0.43612372089182505, 0.27093070472160974, 0.5714331214804929, 0.5071403804001604, 0.0, 0.7479506788719613, 0.6657884746243854, 0.6801331928181975, 0.27093070472160974, 0.5544067948905702, 0.0, 0.4816730555887754, 1.0, 0.7479506788719613, 0.48167305558877527, 0.6514270416797496, 0.5858971844950784, 0.5760041003848958, 0.7479506788719613, 0.7479506788719613, 0.7479506788719613, 0.3763018801551925, 0.4783731287638813, 0.30116425052161655, 0.6443390010781392, 0.46087105581108023, 0.17848481092503765, 0.6329392575034141, 0.5500558325846794, 0.5094406917967855, 0.0, 0.5371843390740507, 0.6136827545642303, 0.5347608793681553, 0.723673359278995, 0.6136827545642303, 0.5941960312181328, 0.5105961343582186, 0.5730782674892134, 0.17848481092503765, 0.5730782674892134, 0.39820585610646564, 0.5708834430358274], [0.6530323312427282, 0.6530323312427282, 0.0, 0.6983731191401192, 0.4234825282183886, 0.183679758669266, 0.3775117615314615, 0.0, 0.0, 0.5000000754898213, 0.6366337758708192, 0.30158490948119987, 0.6366337758708192, 0.16530045258130743, 0.39089145245393675, 7.54898212829147e-08, 0.2405289669100552, 1.509796425658294e-07, 0.6366337758708192, 0.6366337758708192, 0.41326786494440626, 0.26007471832093254, 1.509796425658294e-07, 0.5879902608906238, 0.4852645926606445, 0.0, 0.49590135774392263, 0.5511959985318224, 0.5801828382637031, 1.509796425658294e-07, 0.5335518465375659, 0.0, 0.3008875177277198, 0.7479506788719613, 1.0, 0.3008875177277198, 0.6530323312427282, 0.7847522691997051, 0.5247677941765806, 0.49590135774392263, 1.0, 0.49590135774392263, 0.15044383435368114, 0.32734856534808443, 0.2847522691997051, 0.6006553886330555, 0.41258385782188733, 0.0, 0.5267096028557159, 0.4642514871638057, 0.5000000754898213, 0.0, 0.6031696679827572, 0.48105778284046796, 0.5575430049373584, 0.6366337758708192, 0.48105778284046796, 0.46407734450358273, 0.41326786494440626, 0.6016116139211947, 0.0, 0.34956229279315587, 0.20322322784238922, 0.5947097675899583], [0.5988806862738052, 0.5988806862738052, 0.0, 0.521855329414331, 0.5929908309703475, 0.5649717271213789, 0.624387291431787, 0.0, 0.0, 0.4850716142249558, 0.5414475701233383, 0.44423231841663746, 0.5414475701233383, 0.692473947993524, 0.4664294658845066, 0.6883686679937813, 0.7436787592090162, 0.6692557107221919, 0.5414475701233383, 0.5414475701233383, 0.4766374023188712, 0.6788186855284988, 0.6692557107221919, 0.6327516197170517, 0.3208353775442352, 0.0, 0.6624585934498306, 0.4972580772584566, 0.4664413588937848, 0.6692557107221919, 0.543710236521598, 0.0, 1.0, 0.48167305558877527, 0.3008875177277198, 1.0, 0.5988806862738052, 0.40585563927398216, 0.4629526870027064, 0.6624585934498308, 0.3008875177277198, 0.6624585934498308, 0.834627855361096, 0.7103472718733761, 0.6091526930428075, 0.660987481114882, 0.6444285299325441, 0.7074816252653706, 0.5665897757522516, 0.6278765420478172, 0.4850716142249558, 0.0, 0.21920892611108334, 0.8181018076958404, 0.5242562143653506, 0.5414475701233386, 0.8181018076958404, 0.747172930069512, 0.4766374023188712, 0.5201125149757946, 0.7074816252653706, 0.7008980528368501, 0.7393375122238695, 0.5500442459440339], [1.0, 1.0, 0.0, 0.7312465189853996, 0.6622963980367388, 0.5976977848657646, 0.6524167779612935, 0.0, 0.0, 0.6326552299986102, 0.6951504530126171, 0.6727208344045826, 0.6951504530126171, 0.5378565184102464, 0.6764113052273035, 0.5470760151557381, 0.6742751355532006, 0.6122781287544923, 0.6951504530126171, 0.6951504530126171, 0.680197373940594, 0.6127557088906814, 0.6122781287544923, 0.8474991077516436, 0.7233426041146092, 0.0, 0.6498217521167711, 0.6928110566610132, 0.6922501690651339, 0.6122781287544923, 0.7322114185249851, 0.0, 0.5988806862738052, 0.6514270416797496, 0.6530323312427282, 0.5988806862738052, 1.0, 0.6684122890577368, 0.6620739380421661, 0.6498217521167711, 0.6530323312427282, 0.6498217521167711, 0.6055794075141487, 0.7440165144645988, 0.5828330742148646, 0.9313237955777345, 0.6653982004403654, 0.48187390155698395, 0.7064191448411177, 0.692543504484705, 0.6326552299986102, 0.0, 0.7331635400546728, 0.736272142351909, 0.71241909782007, 0.6951504530126171, 0.736272142351909, 0.776954564673669, 0.680197373940594, 0.6627441914446954, 0.48187390155698395, 0.6611389018817169, 0.6724560516466627, 0.6435080505242377], [0.6684122890577368, 0.6684122890577368, 0.0, 0.5850112867143902, 0.49332778233436214, 0.26869030605884836, 0.3779904520815398, 0.0, 0.0, 0.5206831197386155, 0.4903152861766422, 0.37245927038364024, 0.4903152861766422, 0.31613875890149, 0.5098902699889953, 0.2686505293672674, 0.4001938216883112, 0.25661397027752575, 0.4903152861766422, 0.4903152861766422, 0.4117446089813076, 0.36735305044174427, 0.25661397027752575, 0.6871285884285463, 0.3724990470752213, 0.0, 0.3870420997904517, 0.37733120078267424, 0.3979664108768045, 0.25661397027752575, 0.5663461446825018, 0.0, 0.40585563927398216, 0.5858971844950784, 0.7847522691997051, 0.40585563927398216, 0.6684122890577368, 1.0, 0.47917822743935945, 0.3870420997904518, 0.7847522691997051, 0.3870420997904518, 0.33123480477575407, 0.47092396166282025, 0.532719678828357, 0.6576721945702743, 0.4824338107114584, 0.28068708845700896, 0.4730401144597677, 0.5475727768843257, 0.5206831197386155, 0.0, 0.48830457048975484, 0.5437736730990967, 0.6040701168536209, 0.4903152861766422, 0.5437736730990967, 0.5288567922877095, 0.4117446089813076, 0.5893351637282347, 0.28068708845700896, 0.39048007902360804, 0.3939180582567642, 0.5835124521248014], [0.6620739380421661, 0.6620739380421661, 0.